cartesian_displacement_test_client:
  pos_disp: [0.0, 0.0, 0.4]
  angular_disp: [0.0, 0.0, -0.2]
  initial_configuration: [3.528723026598991e-05, -0.4729415923632229, 4.711266407894622e-05, -1.5128785906254738, 6.24309202829587e-05, 1.0399382598615674, 0.7854266003972188]
  planning_group: "panda_arm"